-20 -22 0.0
-20 -21 0.0
-20 -20 0.0
-20 -19 0.0
-20 -18 0.0
-20 -17 0.0
-20 -16 0.0
-20 -15 0.0
-20 -14 0.0
-20 -13 0.0
-20 -12 0.0
-20 -11 0.0
-20 -10 1.0
-20 -9 0.0
-20 -8 0.0
-20 -7 0.0
-20 -6 0.0
-20 -5 0.0
-20 -4 0.0
-20 -3 0.0
-20 -2 0.0
-20 -1 0.0
-20 0 0.0
-20 1 0.0
-20 2 0.0
-20 3 0.0
-20 4 0.0
-20 5 0.0
-20 6 0.0
-20 7 0.0
-20 8 0.0
-20 9 0.0
-20 10 0.0
-20 11 0.0
-20 12 0.0
-20 13 0.0
-20 14 0.0
-20 15 0.0
-20 16 0.0
-20 17 0.0
-20 18 0.0
-20 19 0.0
-20 20 0.0
-20 21 0.0
-20 22 0.0
-20 23 0.0
-20 24 0.0
-20 25 0.0
-20 26 0.0
-20 27 0.0
-20 28 0.0
-19 -22 0.0
-19 -21 0.0
-19 -20 0.0
-19 -19 0.0
-19 -18 0.0
-19 -17 0.0
-19 -16 0.0
-19 -15 0.0
-19 -14 0.0
-19 -13 0.0
-19 -12 0.0
-19 -11 0.0
-19 -10 0.0
-19 -9 0.0
-19 -8 0.0
-19 -7 0.0
-19 -6 0.0
-19 -5 0.0
-19 -4 0.0
-19 -3 0.0
-19 -2 0.0
-19 -1 0.0
-19 0 0.0
-19 1 0.0
-19 2 0.0
-19 3 0.0
-19 4 0.0
-19 5 0.0
-19 6 0.0
-19 7 0.0
-19 8 0.0
-19 9 0.0
-19 10 0.0
-19 11 0.0
-19 12 0.0
-19 13 0.0
-19 14 0.0
-19 15 0.0
-19 16 0.0
-19 17 0.0
-19 18 0.0
-19 19 0.0
-19 20 0.0
-19 21 0.0
-19 22 0.0
-19 23 0.0
-19 24 0.0
-19 25 0.0
-19 26 0.0
-19 27 0.0
-19 28 0.0
-18 -22 0.0
-18 -21 0.0
-18 -20 0.0
-18 -19 0.0
-18 -18 0.0
-18 -17 0.0
-18 -16 0.0
-18 -15 0.0
-18 -14 0.0
-18 -13 0.0
-18 -12 0.0
-18 -11 0.0
-18 -10 0.0
-18 -9 0.0
-18 -8 0.0
-18 -7 0.0
-18 -6 0.0
-18 -5 0.0
-18 -4 0.0
-18 -3 0.0
-18 -2 0.0
-18 -1 0.0
-18 0 0.0
-18 1 0.0
-18 2 0.0
-18 3 0.0
-18 4 0.0
-18 5 0.0
-18 6 0.0
-18 7 0.0
-18 8 0.0
-18 9 0.0
-18 10 0.0
-18 11 0.0
-18 12 0.0
-18 13 0.0
-18 14 0.0
-18 15 0.0
-18 16 0.0
-18 17 0.0
-18 18 0.0
-18 19 0.0
-18 20 0.0
-18 21 0.0
-18 22 0.0
-18 23 0.0
-18 24 0.0
-18 25 0.0
-18 26 0.0
-18 27 0.0
-18 28 0.0
-17 -22 0.0
-17 -21 0.0
-17 -20 0.0
-17 -19 0.0
-17 -18 0.0
-17 -17 0.0
-17 -16 0.0
-17 -15 0.0
-17 -14 0.0
-17 -13 0.0
-17 -12 0.0
-17 -11 0.0
-17 -10 0.0
-17 -9 0.0
-17 -8 0.0
-17 -7 0.0
-17 -6 0.0
-17 -5 0.0
-17 -4 0.0
-17 -3 0.0
-17 -2 0.0
-17 -1 0.0
-17 0 0.0
-17 1 0.0
-17 2 0.0
-17 3 0.0
-17 4 0.0
-17 5 0.0
-17 6 0.0
-17 7 0.0
-17 8 0.0
-17 9 0.0
-17 10 0.0
-17 11 0.0
-17 12 0.0
-17 13 0.0
-17 14 0.0
-17 15 0.0
-17 16 0.0
-17 17 0.0
-17 18 0.0
-17 19 0.0
-17 20 0.0
-17 21 0.0
-17 22 0.0
-17 23 0.0
-17 24 0.0
-17 25 0.0
-17 26 0.0
-17 27 0.0
-17 28 0.0
-16 -22 0.0
-16 -21 0.0
-16 -20 0.0
-16 -19 0.0
-16 -18 0.0
-16 -17 0.0
-16 -16 0.0
-16 -15 0.0
-16 -14 0.0
-16 -13 0.0
-16 -12 0.0
-16 -11 0.0
-16 -10 0.0
-16 -9 0.0
-16 -8 0.0
-16 -7 0.0
-16 -6 0.0
-16 -5 0.0
-16 -4 1.0
-16 -3 0.0
-16 -2 0.0
-16 -1 0.0
-16 0 0.0
-16 1 0.0
-16 2 0.0
-16 3 0.0
-16 4 0.0
-16 5 0.0
-16 6 0.0
-16 7 0.0
-16 8 0.0
-16 9 0.0
-16 10 0.0
-16 11 0.0
-16 12 0.0
-16 13 0.0
-16 14 0.0
-16 15 0.0
-16 16 0.0
-16 17 0.0
-16 18 0.0
-16 19 0.0
-16 20 0.0
-16 21 0.0
-16 22 0.0
-16 23 0.0
-16 24 0.0
-16 25 0.0
-16 26 0.0
-16 27 0.0
-16 28 0.0
-15 -22 0.0
-15 -21 0.0
-15 -20 0.0
-15 -19 0.0
-15 -18 0.0
-15 -17 0.0
-15 -16 0.0
-15 -15 0.0
-15 -14 0.0
-15 -13 0.0
-15 -12 0.0
-15 -11 0.0
-15 -10 0.0
-15 -9 0.0
-15 -8 0.0
-15 -7 0.0
-15 -6 0.0
-15 -5 0.0
-15 -4 0.0
-15 -3 0.0
-15 -2 0.0
-15 -1 0.0
-15 0 0.5
-15 1 0.0
-15 2 0.0
-15 3 0.0
-15 4 0.0
-15 5 0.0
-15 6 0.0
-15 7 0.5
-15 8 0.0
-15 9 0.0
-15 10 0.0
-15 11 0.0
-15 12 0.0
-15 13 0.0
-15 14 0.0
-15 15 0.0
-15 16 0.0
-15 17 0.0
-15 18 0.0
-15 19 0.0
-15 20 0.0
-15 21 0.0
-15 22 0.0
-15 23 0.0
-15 24 0.0
-15 25 0.0
-15 26 0.0
-15 27 0.0
-15 28 0.0
-14 -22 0.0
-14 -21 0.0
-14 -20 0.0
-14 -19 0.0
-14 -18 0.0
-14 -17 0.0
-14 -16 0.125
-14 -15 0.0
-14 -14 0.25
-14 -13 0.0
-14 -12 0.0
-14 -11 0.0
-14 -10 0.0
-14 -9 0.0
-14 -8 0.25
-14 -7 0.0
-14 -6 0.0
-14 -5 0.0
-14 -4 0.0
-14 -3 0.0
-14 -2 0.0
-14 -1 0.0
-14 0 0.0
-14 1 0.0
-14 2 0.0
-14 3 0.125
-14 4 0.0
-14 5 0.0
-14 6 0.125
-14 7 0.0
-14 8 0.0
-14 9 0.0
-14 10 0.125
-14 11 0.0
-14 12 0.0
-14 13 0.0
-14 14 0.0
-14 15 0.0
-14 16 0.0
-14 17 0.0
-14 18 0.0
-14 19 0.0
-14 20 0.0
-14 21 0.0
-14 22 0.0
-14 23 0.0
-14 24 0.0
-14 25 0.0
-14 26 0.0
-14 27 0.0
-14 28 0.0
-13 -22 0.0
-13 -21 0.0
-13 -20 0.0
-13 -19 0.0
-13 -18 0.0
-13 -17 0.125
-13 -16 0.25
-13 -15 0.0
-13 -14 0.0
-13 -13 0.0
-13 -12 0.0
-13 -11 0.125
-13 -10 0.0
-13 -9 0.0
-13 -8 0.0
-13 -7 0.0
-13 -6 0.0
-13 -5 0.0
-13 -4 0.0
-13 -3 0.0
-13 -2 0.0
-13 -1 0.0
-13 0 0.0
-13 1 0.0
-13 2 0.125
-13 3 0.0
-13 4 0.0
-13 5 0.0
-13 6 0.125
-13 7 0.0
-13 8 0.125
-13 9 0.0
-13 10 0.0
-13 11 0.0
-13 12 0.125
-13 13 0.0
-13 14 0.0
-13 15 0.0
-13 16 0.0
-13 17 0.0
-13 18 0.0
-13 19 0.0
-13 20 0.0
-13 21 0.0
-13 22 0.0
-13 23 0.0
-13 24 0.0
-13 25 0.0
-13 26 0.0
-13 27 0.0
-13 28 0.0
-12 -22 0.0
-12 -21 0.0
-12 -20 0.0
-12 -19 0.0
-12 -18 0.0
-12 -17 0.0
-12 -16 0.0
-12 -15 0.0
-12 -14 0.0588235294118
-12 -13 0.0588235294118
-12 -12 0.0588235294118
-12 -11 0.0
-12 -10 0.0588235294118
-12 -9 0.117647058824
-12 -8 0.0588235294118
-12 -7 0.117647058824
-12 -6 0.0588235294118
-12 -5 0.0
-12 -4 0.0
-12 -3 0.176470588235
-12 -2 0.0
-12 -1 0.0
-12 0 0.0
-12 1 0.0
-12 2 0.0588235294118
-12 3 0.0588235294118
-12 4 0.0
-12 5 0.0
-12 6 0.0
-12 7 0.0
-12 8 0.0
-12 9 0.0588235294118
-12 10 0.0
-12 11 0.0
-12 12 0.0
-12 13 0.0
-12 14 0.0588235294118
-12 15 0.0
-12 16 0.0
-12 17 0.0
-12 18 0.0
-12 19 0.0
-12 20 0.0
-12 21 0.0
-12 22 0.0
-12 23 0.0
-12 24 0.0
-12 25 0.0
-12 26 0.0
-12 27 0.0
-12 28 0.0
-11 -22 0.0
-11 -21 0.0
-11 -20 0.08
-11 -19 0.0
-11 -18 0.0
-11 -17 0.04
-11 -16 0.0
-11 -15 0.0
-11 -14 0.0
-11 -13 0.04
-11 -12 0.0
-11 -11 0.0
-11 -10 0.04
-11 -9 0.04
-11 -8 0.12
-11 -7 0.08
-11 -6 0.0
-11 -5 0.12
-11 -4 0.0
-11 -3 0.04
-11 -2 0.08
-11 -1 0.12
-11 0 0.04
-11 1 0.0
-11 2 0.0
-11 3 0.0
-11 4 0.0
-11 5 0.0
-11 6 0.0
-11 7 0.0
-11 8 0.0
-11 9 0.0
-11 10 0.0
-11 11 0.0
-11 12 0.04
-11 13 0.0
-11 14 0.04
-11 15 0.0
-11 16 0.04
-11 17 0.04
-11 18 0.0
-11 19 0.0
-11 20 0.0
-11 21 0.0
-11 22 0.0
-11 23 0.0
-11 24 0.0
-11 25 0.0
-11 26 0.0
-11 27 0.0
-11 28 0.0
-10 -22 0.0
-10 -21 0.0
-10 -20 0.0
-10 -19 0.0188679245283
-10 -18 0.0188679245283
-10 -17 0.0566037735849
-10 -16 0.0188679245283
-10 -15 0.0377358490566
-10 -14 0.0566037735849
-10 -13 0.0754716981132
-10 -12 0.0377358490566
-10 -11 0.0188679245283
-10 -10 0.0754716981132
-10 -9 0.0377358490566
-10 -8 0.0566037735849
-10 -7 0.0566037735849
-10 -6 0.0377358490566
-10 -5 0.0566037735849
-10 -4 0.0188679245283
-10 -3 0.0188679245283
-10 -2 0.0
-10 -1 0.0188679245283
-10 0 0.0377358490566
-10 1 0.0
-10 2 0.0377358490566
-10 3 0.0188679245283
-10 4 0.0
-10 5 0.0
-10 6 0.0
-10 7 0.0
-10 8 0.0188679245283
-10 9 0.0188679245283
-10 10 0.0377358490566
-10 11 0.0188679245283
-10 12 0.0188679245283
-10 13 0.0188679245283
-10 14 0.0
-10 15 0.0188679245283
-10 16 0.0188679245283
-10 17 0.0188679245283
-10 18 0.0
-10 19 0.0
-10 20 0.0
-10 21 0.0
-10 22 0.0
-10 23 0.0
-10 24 0.0
-10 25 0.0
-10 26 0.0
-10 27 0.0
-10 28 0.0
-9 -22 0.013698630137
-9 -21 0.0
-9 -20 0.0
-9 -19 0.013698630137
-9 -18 0.027397260274
-9 -17 0.0
-9 -16 0.013698630137
-9 -15 0.027397260274
-9 -14 0.041095890411
-9 -13 0.0547945205479
-9 -12 0.0821917808219
-9 -11 0.0821917808219
-9 -10 0.0547945205479
-9 -9 0.027397260274
-9 -8 0.0958904109589
-9 -7 0.0684931506849
-9 -6 0.013698630137
-9 -5 0.013698630137
-9 -4 0.0547945205479
-9 -3 0.027397260274
-9 -2 0.027397260274
-9 -1 0.0684931506849
-9 0 0.013698630137
-9 1 0.0547945205479
-9 2 0.0
-9 3 0.027397260274
-9 4 0.0
-9 5 0.013698630137
-9 6 0.013698630137
-9 7 0.0
-9 8 0.013698630137
-9 9 0.0
-9 10 0.0
-9 11 0.0
-9 12 0.0
-9 13 0.0
-9 14 0.013698630137
-9 15 0.0
-9 16 0.0
-9 17 0.0
-9 18 0.041095890411
-9 19 0.0
-9 20 0.0
-9 21 0.0
-9 22 0.0
-9 23 0.0
-9 24 0.0
-9 25 0.0
-9 26 0.0
-9 27 0.0
-9 28 0.0
-8 -22 0.0
-8 -21 0.00735294117647
-8 -20 0.0
-8 -19 0.0
-8 -18 0.0147058823529
-8 -17 0.0147058823529
-8 -16 0.0441176470588
-8 -15 0.0514705882353
-8 -14 0.0735294117647
-8 -13 0.0441176470588
-8 -12 0.0441176470588
-8 -11 0.0441176470588
-8 -10 0.0882352941176
-8 -9 0.0441176470588
-8 -8 0.0441176470588
-8 -7 0.0661764705882
-8 -6 0.0294117647059
-8 -5 0.0514705882353
-8 -4 0.0441176470588
-8 -3 0.0441176470588
-8 -2 0.0514705882353
-8 -1 0.0294117647059
-8 0 0.00735294117647
-8 1 0.0147058823529
-8 2 0.00735294117647
-8 3 0.0220588235294
-8 4 0.00735294117647
-8 5 0.00735294117647
-8 6 0.0147058823529
-8 7 0.0220588235294
-8 8 0.0
-8 9 0.00735294117647
-8 10 0.0
-8 11 0.00735294117647
-8 12 0.0
-8 13 0.0147058823529
-8 14 0.00735294117647
-8 15 0.00735294117647
-8 16 0.00735294117647
-8 17 0.0
-8 18 0.00735294117647
-8 19 0.00735294117647
-8 20 0.0
-8 21 0.0
-8 22 0.0
-8 23 0.0
-8 24 0.0
-8 25 0.0
-8 26 0.0
-8 27 0.0
-8 28 0.0
-7 -22 0.0
-7 -21 0.0
-7 -20 0.0
-7 -19 0.00621118012422
-7 -18 0.0
-7 -17 0.0124223602484
-7 -16 0.00621118012422
-7 -15 0.00621118012422
-7 -14 0.0434782608696
-7 -13 0.0683229813665
-7 -12 0.0807453416149
-7 -11 0.055900621118
-7 -10 0.055900621118
-7 -9 0.0310559006211
-7 -8 0.0372670807453
-7 -7 0.0248447204969
-7 -6 0.0745341614907
-7 -5 0.0372670807453
-7 -4 0.00621118012422
-7 -3 0.0621118012422
-7 -2 0.0372670807453
-7 -1 0.0434782608696
-7 0 0.00621118012422
-7 1 0.0248447204969
-7 2 0.0124223602484
-7 3 0.0310559006211
-7 4 0.0124223602484
-7 5 0.0186335403727
-7 6 0.0248447204969
-7 7 0.0310559006211
-7 8 0.0186335403727
-7 9 0.0186335403727
-7 10 0.0124223602484
-7 11 0.0
-7 12 0.0124223602484
-7 13 0.0186335403727
-7 14 0.00621118012422
-7 15 0.0124223602484
-7 16 0.0310559006211
-7 17 0.00621118012422
-7 18 0.00621118012422
-7 19 0.00621118012422
-7 20 0.0
-7 21 0.0
-7 22 0.0
-7 23 0.0
-7 24 0.0
-7 25 0.0
-7 26 0.0
-7 27 0.0
-7 28 0.0
-6 -22 0.0
-6 -21 0.0
-6 -20 0.00396825396825
-6 -19 0.0
-6 -18 0.015873015873
-6 -17 0.00793650793651
-6 -16 0.0238095238095
-6 -15 0.0714285714286
-6 -14 0.0357142857143
-6 -13 0.0753968253968
-6 -12 0.0833333333333
-6 -11 0.0634920634921
-6 -10 0.0555555555556
-6 -9 0.0515873015873
-6 -8 0.0515873015873
-6 -7 0.0396825396825
-6 -6 0.031746031746
-6 -5 0.031746031746
-6 -4 0.0396825396825
-6 -3 0.0198412698413
-6 -2 0.00793650793651
-6 -1 0.0277777777778
-6 0 0.0198412698413
-6 1 0.0277777777778
-6 2 0.015873015873
-6 3 0.00793650793651
-6 4 0.015873015873
-6 5 0.0119047619048
-6 6 0.0198412698413
-6 7 0.0119047619048
-6 8 0.00396825396825
-6 9 0.00396825396825
-6 10 0.015873015873
-6 11 0.00793650793651
-6 12 0.031746031746
-6 13 0.00793650793651
-6 14 0.015873015873
-6 15 0.00396825396825
-6 16 0.0119047619048
-6 17 0.00793650793651
-6 18 0.0119047619048
-6 19 0.00396825396825
-6 20 0.00396825396825
-6 21 0.0
-6 22 0.0
-6 23 0.0
-6 24 0.0
-6 25 0.0
-6 26 0.0
-6 27 0.0
-6 28 0.0
-5 -22 0.0
-5 -21 0.0
-5 -20 0.0
-5 -19 0.0
-5 -18 0.0077519379845
-5 -17 0.0077519379845
-5 -16 0.015503875969
-5 -15 0.0271317829457
-5 -14 0.0426356589147
-5 -13 0.0503875968992
-5 -12 0.0968992248062
-5 -11 0.0542635658915
-5 -10 0.0658914728682
-5 -9 0.0736434108527
-5 -8 0.0697674418605
-5 -7 0.0542635658915
-5 -6 0.0348837209302
-5 -5 0.031007751938
-5 -4 0.015503875969
-5 -3 0.031007751938
-5 -2 0.0116279069767
-5 -1 0.0232558139535
-5 0 0.0116279069767
-5 1 0.0348837209302
-5 2 0.0116279069767
-5 3 0.015503875969
-5 4 0.015503875969
-5 5 0.0077519379845
-5 6 0.0232558139535
-5 7 0.0116279069767
-5 8 0.0077519379845
-5 9 0.0
-5 10 0.0077519379845
-5 11 0.0077519379845
-5 12 0.0077519379845
-5 13 0.0193798449612
-5 14 0.0271317829457
-5 15 0.0348837209302
-5 16 0.015503875969
-5 17 0.0116279069767
-5 18 0.015503875969
-5 19 0.0
-5 20 0.0
-5 21 0.0
-5 22 0.0
-5 23 0.0
-5 24 0.0
-5 25 0.0
-5 26 0.0
-5 27 0.0
-5 28 0.0
-4 -22 0.00263157894737
-4 -21 0.00263157894737
-4 -20 0.0
-4 -19 0.0
-4 -18 0.00263157894737
-4 -17 0.0236842105263
-4 -16 0.0342105263158
-4 -15 0.0289473684211
-4 -14 0.0526315789474
-4 -13 0.0763157894737
-4 -12 0.0815789473684
-4 -11 0.0789473684211
-4 -10 0.0578947368421
-4 -9 0.0526315789474
-4 -8 0.05
-4 -7 0.0394736842105
-4 -6 0.0368421052632
-4 -5 0.0368421052632
-4 -4 0.0157894736842
-4 -3 0.0289473684211
-4 -2 0.0289473684211
-4 -1 0.00789473684211
-4 0 0.0236842105263
-4 1 0.0184210526316
-4 2 0.00526315789474
-4 3 0.0236842105263
-4 4 0.00789473684211
-4 5 0.00789473684211
-4 6 0.00526315789474
-4 7 0.0131578947368
-4 8 0.0105263157895
-4 9 0.0184210526316
-4 10 0.0184210526316
-4 11 0.0184210526316
-4 12 0.0131578947368
-4 13 0.0157894736842
-4 14 0.0131578947368
-4 15 0.0157894736842
-4 16 0.0105263157895
-4 17 0.00526315789474
-4 18 0.0105263157895
-4 19 0.00263157894737
-4 20 0.00263157894737
-4 21 0.0
-4 22 0.0
-4 23 0.0
-4 24 0.0
-4 25 0.0
-4 26 0.0
-4 27 0.0
-4 28 0.0
-3 -22 0.0
-3 -21 0.003003003003
-3 -20 0.0
-3 -19 0.003003003003
-3 -18 0.00900900900901
-3 -17 0.018018018018
-3 -16 0.03003003003
-3 -15 0.033033033033
-3 -14 0.0690690690691
-3 -13 0.0660660660661
-3 -12 0.042042042042
-3 -11 0.0510510510511
-3 -10 0.0600600600601
-3 -9 0.03003003003
-3 -8 0.0510510510511
-3 -7 0.021021021021
-3 -6 0.039039039039
-3 -5 0.039039039039
-3 -4 0.036036036036
-3 -3 0.03003003003
-3 -2 0.024024024024
-3 -1 0.027027027027
-3 0 0.015015015015
-3 1 0.03003003003
-3 2 0.018018018018
-3 3 0.021021021021
-3 4 0.003003003003
-3 5 0.018018018018
-3 6 0.024024024024
-3 7 0.00600600600601
-3 8 0.021021021021
-3 9 0.003003003003
-3 10 0.00900900900901
-3 11 0.027027027027
-3 12 0.012012012012
-3 13 0.021021021021
-3 14 0.00600600600601
-3 15 0.018018018018
-3 16 0.018018018018
-3 17 0.021021021021
-3 18 0.015015015015
-3 19 0.003003003003
-3 20 0.00600600600601
-3 21 0.0
-3 22 0.0
-3 23 0.003003003003
-3 24 0.0
-3 25 0.0
-3 26 0.0
-3 27 0.0
-3 28 0.0
-2 -22 0.0
-2 -21 0.0
-2 -20 0.00228310502283
-2 -19 0.0
-2 -18 0.00684931506849
-2 -17 0.0114155251142
-2 -16 0.0365296803653
-2 -15 0.041095890411
-2 -14 0.0639269406393
-2 -13 0.0479452054795
-2 -12 0.0570776255708
-2 -11 0.0525114155251
-2 -10 0.0296803652968
-2 -9 0.0456621004566
-2 -8 0.0502283105023
-2 -7 0.027397260274
-2 -6 0.0388127853881
-2 -5 0.0319634703196
-2 -4 0.027397260274
-2 -3 0.0388127853881
-2 -2 0.0342465753425
-2 -1 0.0251141552511
-2 0 0.0365296803653
-2 1 0.027397260274
-2 2 0.0114155251142
-2 3 0.0159817351598
-2 4 0.0114155251142
-2 5 0.0159817351598
-2 6 0.0182648401826
-2 7 0.00684931506849
-2 8 0.00913242009132
-2 9 0.00913242009132
-2 10 0.0159817351598
-2 11 0.0159817351598
-2 12 0.0228310502283
-2 13 0.0159817351598
-2 14 0.013698630137
-2 15 0.0228310502283
-2 16 0.0319634703196
-2 17 0.0159817351598
-2 18 0.0114155251142
-2 19 0.0
-2 20 0.00228310502283
-2 21 0.0
-2 22 0.0
-2 23 0.0
-2 24 0.0
-2 25 0.0
-2 26 0.0
-2 27 0.0
-2 28 0.0
-1 -22 0.0
-1 -21 0.0
-1 -20 0.0
-1 -19 0.0
-1 -18 0.00852272727273
-1 -17 0.00852272727273
-1 -16 0.0142045454545
-1 -15 0.0284090909091
-1 -14 0.0482954545455
-1 -13 0.0568181818182
-1 -12 0.0482954545455
-1 -11 0.0596590909091
-1 -10 0.0539772727273
-1 -9 0.03125
-1 -8 0.0255681818182
-1 -7 0.03125
-1 -6 0.0255681818182
-1 -5 0.0397727272727
-1 -4 0.0454545454545
-1 -3 0.0340909090909
-1 -2 0.0284090909091
-1 -1 0.0255681818182
-1 0 0.0284090909091
-1 1 0.0255681818182
-1 2 0.0170454545455
-1 3 0.0284090909091
-1 4 0.0142045454545
-1 5 0.0170454545455
-1 6 0.00852272727273
-1 7 0.03125
-1 8 0.0198863636364
-1 9 0.00568181818182
-1 10 0.0142045454545
-1 11 0.0113636363636
-1 12 0.0284090909091
-1 13 0.0227272727273
-1 14 0.0198863636364
-1 15 0.0284090909091
-1 16 0.0170454545455
-1 17 0.00568181818182
-1 18 0.0227272727273
-1 19 0.00852272727273
-1 20 0.00852272727273
-1 21 0.00284090909091
-1 22 0.0
-1 23 0.0
-1 24 0.0
-1 25 0.0
-1 26 0.0
-1 27 0.0
-1 28 0.0
0 -22 0.0
0 -21 0.0
0 -20 0.0
0 -19 0.0
0 -18 0.00735294117647
0 -17 0.00735294117647
0 -16 0.0196078431373
0 -15 0.0392156862745
0 -14 0.0343137254902
0 -13 0.0343137254902
0 -12 0.046568627451
0 -11 0.0490196078431
0 -10 0.0367647058824
0 -9 0.0245098039216
0 -8 0.031862745098
0 -7 0.0490196078431
0 -6 0.0220588235294
0 -5 0.0441176470588
0 -4 0.0343137254902
0 -3 0.0343137254902
0 -2 0.0367647058824
0 -1 0.031862745098
0 0 0.0171568627451
0 1 0.0269607843137
0 2 0.0245098039216
0 3 0.0269607843137
0 4 0.0269607843137
0 5 0.0196078431373
0 6 0.0220588235294
0 7 0.0343137254902
0 8 0.0196078431373
0 9 0.0269607843137
0 10 0.0269607843137
0 11 0.0220588235294
0 12 0.0147058823529
0 13 0.0294117647059
0 14 0.0196078431373
0 15 0.0122549019608
0 16 0.00245098039216
0 17 0.0122549019608
0 18 0.0220588235294
0 19 0.0
0 20 0.00735294117647
0 21 0.00245098039216
0 22 0.0
0 23 0.0
0 24 0.0
0 25 0.0
0 26 0.0
0 27 0.0
0 28 0.0
1 -22 0.0
1 -21 0.0
1 -20 0.0
1 -19 0.0
1 -18 0.0
1 -17 0.00609756097561
1 -16 0.0121951219512
1 -15 0.0243902439024
1 -14 0.0213414634146
1 -13 0.0274390243902
1 -12 0.0426829268293
1 -11 0.0396341463415
1 -10 0.0274390243902
1 -9 0.0487804878049
1 -8 0.0426829268293
1 -7 0.0213414634146
1 -6 0.0182926829268
1 -5 0.0396341463415
1 -4 0.0365853658537
1 -3 0.0396341463415
1 -2 0.030487804878
1 -1 0.030487804878
1 0 0.0182926829268
1 1 0.0396341463415
1 2 0.030487804878
1 3 0.0274390243902
1 4 0.0396341463415
1 5 0.0426829268293
1 6 0.0274390243902
1 7 0.00914634146341
1 8 0.0182926829268
1 9 0.030487804878
1 10 0.0182926829268
1 11 0.0335365853659
1 12 0.0274390243902
1 13 0.0243902439024
1 14 0.0426829268293
1 15 0.0182926829268
1 16 0.0121951219512
1 17 0.015243902439
1 18 0.0030487804878
1 19 0.0030487804878
1 20 0.0030487804878
1 21 0.0030487804878
1 22 0.0
1 23 0.0
1 24 0.0
1 25 0.0
1 26 0.0
1 27 0.0
1 28 0.0030487804878
2 -22 0.0
2 -21 0.0
2 -20 0.0
2 -19 0.0
2 -18 0.00269541778976
2 -17 0.00808625336927
2 -16 0.010781671159
2 -15 0.0134770889488
2 -14 0.0404312668464
2 -13 0.0323450134771
2 -12 0.0269541778976
2 -11 0.0296495956873
2 -10 0.00808625336927
2 -9 0.0323450134771
2 -8 0.0269541778976
2 -7 0.0269541778976
2 -6 0.0269541778976
2 -5 0.0242587601078
2 -4 0.0215633423181
2 -3 0.0323450134771
2 -2 0.0377358490566
2 -1 0.0269541778976
2 0 0.0539083557951
2 1 0.0323450134771
2 2 0.0458221024259
2 3 0.0296495956873
2 4 0.0242587601078
2 5 0.0215633423181
2 6 0.0512129380054
2 7 0.0215633423181
2 8 0.0323450134771
2 9 0.0377358490566
2 10 0.0377358490566
2 11 0.0188679245283
2 12 0.0404312668464
2 13 0.0242587601078
2 14 0.0323450134771
2 15 0.0161725067385
2 16 0.0161725067385
2 17 0.0134770889488
2 18 0.010781671159
2 19 0.00539083557951
2 20 0.00269541778976
2 21 0.00269541778976
2 22 0.0
2 23 0.0
2 24 0.0
2 25 0.0
2 26 0.0
2 27 0.0
2 28 0.0
3 -22 0.0
3 -21 0.0
3 -20 0.0
3 -19 0.0
3 -18 0.0
3 -17 0.0
3 -16 0.0
3 -15 0.0107913669065
3 -14 0.0287769784173
3 -13 0.0215827338129
3 -12 0.0215827338129
3 -11 0.0323741007194
3 -10 0.0215827338129
3 -9 0.0215827338129
3 -8 0.0107913669065
3 -7 0.0179856115108
3 -6 0.0323741007194
3 -5 0.0251798561151
3 -4 0.0215827338129
3 -3 0.0323741007194
3 -2 0.0215827338129
3 -1 0.0251798561151
3 0 0.0143884892086
3 1 0.0539568345324
3 2 0.00719424460432
3 3 0.0359712230216
3 4 0.0287769784173
3 5 0.0359712230216
3 6 0.0539568345324
3 7 0.0467625899281
3 8 0.0503597122302
3 9 0.0287769784173
3 10 0.0647482014388
3 11 0.0359712230216
3 12 0.0287769784173
3 13 0.0431654676259
3 14 0.0251798561151
3 15 0.0431654676259
3 16 0.0215827338129
3 17 0.00719424460432
3 18 0.0143884892086
3 19 0.00719424460432
3 20 0.0
3 21 0.00359712230216
3 22 0.0
3 23 0.0
3 24 0.00359712230216
3 25 0.0
3 26 0.0
3 27 0.0
3 28 0.0
4 -22 0.0
4 -21 0.0
4 -20 0.0
4 -19 0.0
4 -18 0.0
4 -17 0.00347222222222
4 -16 0.00694444444444
4 -15 0.00694444444444
4 -14 0.0173611111111
4 -13 0.0173611111111
4 -12 0.0104166666667
4 -11 0.03125
4 -10 0.0208333333333
4 -9 0.00694444444444
4 -8 0.0173611111111
4 -7 0.0208333333333
4 -6 0.0173611111111
4 -5 0.0173611111111
4 -4 0.0277777777778
4 -3 0.0243055555556
4 -2 0.0625
4 -1 0.0173611111111
4 0 0.0451388888889
4 1 0.0277777777778
4 2 0.0381944444444
4 3 0.0381944444444
4 4 0.0416666666667
4 5 0.03125
4 6 0.03125
4 7 0.0416666666667
4 8 0.0381944444444
4 9 0.0416666666667
4 10 0.0486111111111
4 11 0.0520833333333
4 12 0.0208333333333
4 13 0.0694444444444
4 14 0.0381944444444
4 15 0.0347222222222
4 16 0.00694444444444
4 17 0.0104166666667
4 18 0.0138888888889
4 19 0.0
4 20 0.0
4 21 0.00347222222222
4 22 0.0
4 23 0.0
4 24 0.0
4 25 0.0
4 26 0.0
4 27 0.0
4 28 0.0
5 -22 0.0
5 -21 0.0
5 -20 0.0
5 -19 0.0
5 -18 0.0
5 -17 0.0
5 -16 0.0
5 -15 0.0
5 -14 0.00943396226415
5 -13 0.00471698113208
5 -12 0.00471698113208
5 -11 0.00943396226415
5 -10 0.0188679245283
5 -9 0.0
5 -8 0.00943396226415
5 -7 0.00471698113208
5 -6 0.00943396226415
5 -5 0.00943396226415
5 -4 0.0235849056604
5 -3 0.00943396226415
5 -2 0.0283018867925
5 -1 0.0283018867925
5 0 0.0283018867925
5 1 0.0424528301887
5 2 0.00471698113208
5 3 0.0471698113208
5 4 0.0283018867925
5 5 0.0518867924528
5 6 0.0707547169811
5 7 0.0330188679245
5 8 0.0566037735849
5 9 0.0566037735849
5 10 0.0471698113208
5 11 0.0518867924528
5 12 0.061320754717
5 13 0.0660377358491
5 14 0.103773584906
5 15 0.0141509433962
5 16 0.0330188679245
5 17 0.0188679245283
5 18 0.00943396226415
5 19 0.0
5 20 0.0
5 21 0.00471698113208
5 22 0.0
5 23 0.0
5 24 0.0
5 25 0.0
5 26 0.0
5 27 0.0
5 28 0.0
6 -22 0.0
6 -21 0.0
6 -20 0.0
6 -19 0.0
6 -18 0.0
6 -17 0.0
6 -16 0.00584795321637
6 -15 0.0
6 -14 0.00584795321637
6 -13 0.0
6 -12 0.0
6 -11 0.0116959064327
6 -10 0.0
6 -9 0.0175438596491
6 -8 0.0233918128655
6 -7 0.0175438596491
6 -6 0.00584795321637
6 -5 0.00584795321637
6 -4 0.00584795321637
6 -3 0.0233918128655
6 -2 0.0175438596491
6 -1 0.0350877192982
6 0 0.0233918128655
6 1 0.0350877192982
6 2 0.0292397660819
6 3 0.0233918128655
6 4 0.0292397660819
6 5 0.0409356725146
6 6 0.0292397660819
6 7 0.046783625731
6 8 0.0292397660819
6 9 0.0701754385965
6 10 0.0584795321637
6 11 0.0584795321637
6 12 0.0760233918129
6 13 0.0409356725146
6 14 0.0877192982456
6 15 0.0818713450292
6 16 0.0350877192982
6 17 0.0175438596491
6 18 0.0116959064327
6 19 0.0
6 20 0.0
6 21 0.0
6 22 0.0
6 23 0.0
6 24 0.0
6 25 0.0
6 26 0.0
6 27 0.0
6 28 0.0
7 -22 0.0
7 -21 0.0
7 -20 0.0
7 -19 0.0
7 -18 0.0
7 -17 0.0
7 -16 0.0
7 -15 0.0
7 -14 0.0
7 -13 0.0
7 -12 0.0
7 -11 0.00578034682081
7 -10 0.00578034682081
7 -9 0.0115606936416
7 -8 0.0115606936416
7 -7 0.00578034682081
7 -6 0.0115606936416
7 -5 0.0115606936416
7 -4 0.0115606936416
7 -3 0.00578034682081
7 -2 0.00578034682081
7 -1 0.0231213872832
7 0 0.00578034682081
7 1 0.0173410404624
7 2 0.0231213872832
7 3 0.0520231213873
7 4 0.028901734104
7 5 0.0346820809249
7 6 0.0751445086705
7 7 0.0462427745665
7 8 0.0635838150289
7 9 0.0635838150289
7 10 0.0809248554913
7 11 0.0578034682081
7 12 0.0635838150289
7 13 0.0693641618497
7 14 0.028901734104
7 15 0.0462427745665
7 16 0.0346820809249
7 17 0.0578034682081
7 18 0.0173410404624
7 19 0.00578034682081
7 20 0.0115606936416
7 21 0.00578034682081
7 22 0.0
7 23 0.0
7 24 0.0
7 25 0.0
7 26 0.0
7 27 0.0
7 28 0.0
8 -22 0.0
8 -21 0.0
8 -20 0.0
8 -19 0.0
8 -18 0.0
8 -17 0.0
8 -16 0.0
8 -15 0.0
8 -14 0.0
8 -13 0.0
8 -12 0.0
8 -11 0.00840336134454
8 -10 0.0
8 -9 0.0252100840336
8 -8 0.00840336134454
8 -7 0.0
8 -6 0.0168067226891
8 -5 0.00840336134454
8 -4 0.0
8 -3 0.00840336134454
8 -2 0.0
8 -1 0.0336134453782
8 0 0.00840336134454
8 1 0.0420168067227
8 2 0.0
8 3 0.0168067226891
8 4 0.0168067226891
8 5 0.0420168067227
8 6 0.0420168067227
8 7 0.0420168067227
8 8 0.0588235294118
8 9 0.0924369747899
8 10 0.0588235294118
8 11 0.0504201680672
8 12 0.0588235294118
8 13 0.0840336134454
8 14 0.109243697479
8 15 0.0420168067227
8 16 0.0420168067227
8 17 0.0588235294118
8 18 0.0168067226891
8 19 0.0
8 20 0.0
8 21 0.0
8 22 0.0
8 23 0.0
8 24 0.0
8 25 0.0
8 26 0.00840336134454
8 27 0.0
8 28 0.0
9 -22 0.0
9 -21 0.0
9 -20 0.0
9 -19 0.0
9 -18 0.0
9 -17 0.0
9 -16 0.0
9 -15 0.0
9 -14 0.0
9 -13 0.0103092783505
9 -12 0.0
9 -11 0.0
9 -10 0.020618556701
9 -9 0.0
9 -8 0.0
9 -7 0.020618556701
9 -6 0.0103092783505
9 -5 0.0103092783505
9 -4 0.0103092783505
9 -3 0.0103092783505
9 -2 0.020618556701
9 -1 0.0103092783505
9 0 0.0
9 1 0.0
9 2 0.020618556701
9 3 0.0103092783505
9 4 0.0
9 5 0.020618556701
9 6 0.020618556701
9 7 0.0309278350515
9 8 0.0618556701031
9 9 0.0721649484536
9 10 0.0927835051546
9 11 0.164948453608
9 12 0.0618556701031
9 13 0.0515463917526
9 14 0.0618556701031
9 15 0.0721649484536
9 16 0.0515463917526
9 17 0.0412371134021
9 18 0.020618556701
9 19 0.0103092783505
9 20 0.0
9 21 0.0
9 22 0.0
9 23 0.0
9 24 0.0
9 25 0.0
9 26 0.0103092783505
9 27 0.0
9 28 0.0
10 -22 0.0
10 -21 0.0
10 -20 0.0
10 -19 0.0
10 -18 0.0
10 -17 0.0
10 -16 0.0
10 -15 0.0
10 -14 0.0
10 -13 0.0
10 -12 0.0
10 -11 0.0
10 -10 0.0
10 -9 0.0
10 -8 0.0128205128205
10 -7 0.0
10 -6 0.0
10 -5 0.025641025641
10 -4 0.0
10 -3 0.0
10 -2 0.0128205128205
10 -1 0.0
10 0 0.025641025641
10 1 0.0128205128205
10 2 0.0128205128205
10 3 0.0128205128205
10 4 0.0384615384615
10 5 0.025641025641
10 6 0.0641025641026
10 7 0.025641025641
10 8 0.0769230769231
10 9 0.0897435897436
10 10 0.102564102564
10 11 0.0641025641026
10 12 0.0769230769231
10 13 0.102564102564
10 14 0.102564102564
10 15 0.0769230769231
10 16 0.0
10 17 0.025641025641
10 18 0.0
10 19 0.0
10 20 0.0
10 21 0.0128205128205
10 22 0.0
10 23 0.0
10 24 0.0
10 25 0.0
10 26 0.0
10 27 0.0
10 28 0.0
11 -22 0.0
11 -21 0.0
11 -20 0.0
11 -19 0.0
11 -18 0.0
11 -17 0.0
11 -16 0.0
11 -15 0.0
11 -14 0.0
11 -13 0.0
11 -12 0.0169491525424
11 -11 0.0
11 -10 0.0
11 -9 0.0
11 -8 0.0
11 -7 0.0
11 -6 0.0
11 -5 0.0169491525424
11 -4 0.0169491525424
11 -3 0.0
11 -2 0.0
11 -1 0.0
11 0 0.0169491525424
11 1 0.0
11 2 0.0
11 3 0.0
11 4 0.0
11 5 0.0338983050847
11 6 0.0338983050847
11 7 0.0847457627119
11 8 0.0338983050847
11 9 0.0338983050847
11 10 0.101694915254
11 11 0.101694915254
11 12 0.118644067797
11 13 0.0847457627119
11 14 0.0677966101695
11 15 0.0847457627119
11 16 0.0508474576271
11 17 0.0169491525424
11 18 0.0677966101695
11 19 0.0169491525424
11 20 0.0
11 21 0.0
11 22 0.0
11 23 0.0
11 24 0.0
11 25 0.0
11 26 0.0
11 27 0.0
11 28 0.0
12 -22 0.0
12 -21 0.0
12 -20 0.0
12 -19 0.0
12 -18 0.0
12 -17 0.0
12 -16 0.0
12 -15 0.0
12 -14 0.0
12 -13 0.0
12 -12 0.0
12 -11 0.0
12 -10 0.0
12 -9 0.0
12 -8 0.0
12 -7 0.0
12 -6 0.0
12 -5 0.0
12 -4 0.0
12 -3 0.0
12 -2 0.0
12 -1 0.0
12 0 0.0
12 1 0.0
12 2 0.04
12 3 0.08
12 4 0.04
12 5 0.0
12 6 0.0
12 7 0.0
12 8 0.08
12 9 0.08
12 10 0.08
12 11 0.08
12 12 0.08
12 13 0.12
12 14 0.12
12 15 0.12
12 16 0.0
12 17 0.0
12 18 0.0
12 19 0.04
12 20 0.04
12 21 0.0
12 22 0.0
12 23 0.0
12 24 0.0
12 25 0.0
12 26 0.0
12 27 0.0
12 28 0.0
13 -22 0.0
13 -21 0.0
13 -20 0.0
13 -19 0.0
13 -18 0.0
13 -17 0.0
13 -16 0.0
13 -15 0.0
13 -14 0.0
13 -13 0.0
13 -12 0.0
13 -11 0.0
13 -10 0.0
13 -9 0.0
13 -8 0.0
13 -7 0.0
13 -6 0.0
13 -5 0.0
13 -4 0.0
13 -3 0.0
13 -2 0.0
13 -1 0.0
13 0 0.030303030303
13 1 0.0
13 2 0.0
13 3 0.0
13 4 0.030303030303
13 5 0.0606060606061
13 6 0.030303030303
13 7 0.030303030303
13 8 0.0909090909091
13 9 0.0909090909091
13 10 0.0606060606061
13 11 0.121212121212
13 12 0.0909090909091
13 13 0.121212121212
13 14 0.151515151515
13 15 0.0606060606061
13 16 0.0
13 17 0.030303030303
13 18 0.0
13 19 0.0
13 20 0.0
13 21 0.0
13 22 0.0
13 23 0.0
13 24 0.0
13 25 0.0
13 26 0.0
13 27 0.0
13 28 0.0
14 -22 0.0
14 -21 0.0
14 -20 0.0
14 -19 0.0
14 -18 0.0
14 -17 0.0
14 -16 0.0
14 -15 0.0
14 -14 0.0
14 -13 0.0
14 -12 0.0
14 -11 0.0
14 -10 0.0
14 -9 0.0
14 -8 0.0
14 -7 0.0
14 -6 0.0
14 -5 0.0
14 -4 0.0
14 -3 0.0
14 -2 0.0
14 -1 0.0
14 0 0.0625
14 1 0.0
14 2 0.0
14 3 0.0
14 4 0.0
14 5 0.0
14 6 0.0
14 7 0.0
14 8 0.25
14 9 0.0625
14 10 0.125
14 11 0.0625
14 12 0.125
14 13 0.0625
14 14 0.125
14 15 0.0
14 16 0.0625
14 17 0.0625
14 18 0.0
14 19 0.0
14 20 0.0
14 21 0.0
14 22 0.0
14 23 0.0
14 24 0.0
14 25 0.0
14 26 0.0
14 27 0.0
14 28 0.0
15 -22 0.0
15 -21 0.0
15 -20 0.0
15 -19 0.0
15 -18 0.0
15 -17 0.0
15 -16 0.0
15 -15 0.0
15 -14 0.0
15 -13 0.0
15 -12 0.0
15 -11 0.0
15 -10 0.0
15 -9 0.0
15 -8 0.0
15 -7 0.0
15 -6 0.0
15 -5 0.0
15 -4 0.0
15 -3 0.0
15 -2 0.0
15 -1 0.0
15 0 0.0
15 1 0.0
15 2 0.0
15 3 0.0
15 4 0.0
15 5 0.0
15 6 0.125
15 7 0.0
15 8 0.125
15 9 0.0
15 10 0.0
15 11 0.125
15 12 0.0
15 13 0.25
15 14 0.0
15 15 0.125
15 16 0.0
15 17 0.125
15 18 0.0
15 19 0.0
15 20 0.0
15 21 0.0
15 22 0.0
15 23 0.0
15 24 0.0
15 25 0.125
15 26 0.0
15 27 0.0
15 28 0.0
16 -22 0.0
16 -21 0.0
16 -20 0.0
16 -19 0.0
16 -18 0.0
16 -17 0.0
16 -16 0.0
16 -15 0.0
16 -14 0.0
16 -13 0.0
16 -12 0.0
16 -11 0.0
16 -10 0.0
16 -9 0.0
16 -8 0.0
16 -7 0.0
16 -6 0.0
16 -5 0.0
16 -4 0.0
16 -3 0.0
16 -2 0.0
16 -1 0.0
16 0 0.0
16 1 0.0
16 2 0.0
16 3 0.0
16 4 0.0
16 5 0.0
16 6 0.0
16 7 0.0
16 8 0.0
16 9 0.0
16 10 0.142857142857
16 11 0.0
16 12 0.142857142857
16 13 0.0
16 14 0.0
16 15 0.142857142857
16 16 0.285714285714
16 17 0.285714285714
16 18 0.0
16 19 0.0
16 20 0.0
16 21 0.0
16 22 0.0
16 23 0.0
16 24 0.0
16 25 0.0
16 26 0.0
16 27 0.0
16 28 0.0
17 -22 0.0
17 -21 0.0
17 -20 0.0
17 -19 0.0
17 -18 0.0
17 -17 0.0
17 -16 0.0
17 -15 0.0
17 -14 0.0
17 -13 0.0
17 -12 0.0
17 -11 0.0
17 -10 0.0
17 -9 0.0
17 -8 0.0
17 -7 0.0
17 -6 0.0
17 -5 0.0
17 -4 0.0
17 -3 0.0
17 -2 0.0
17 -1 0.0
17 0 0.0
17 1 0.0
17 2 0.0
17 3 0.0
17 4 0.0
17 5 0.0
17 6 0.0
17 7 0.0
17 8 0.0
17 9 0.0
17 10 1.0
17 11 0.0
17 12 0.0
17 13 0.0
17 14 0.0
17 15 0.0
17 16 0.0
17 17 0.0
17 18 0.0
17 19 0.0
17 20 0.0
17 21 0.0
17 22 0.0
17 23 0.0
17 24 0.0
17 25 0.0
17 26 0.0
17 27 0.0
17 28 0.0
18 -22 0.0
18 -21 0.0
18 -20 0.0
18 -19 0.0
18 -18 0.0
18 -17 0.0
18 -16 0.0
18 -15 0.0
18 -14 0.0
18 -13 0.0
18 -12 0.0
18 -11 0.0
18 -10 0.0
18 -9 0.0
18 -8 0.0
18 -7 0.0
18 -6 0.0
18 -5 0.0
18 -4 0.0
18 -3 0.0
18 -2 0.0
18 -1 0.0
18 0 0.0
18 1 0.0
18 2 0.0
18 3 0.0
18 4 0.0
18 5 0.0
18 6 0.0
18 7 0.0
18 8 0.0
18 9 0.0
18 10 0.0
18 11 0.0
18 12 0.0
18 13 1.0
18 14 0.0
18 15 0.0
18 16 0.0
18 17 0.0
18 18 0.0
18 19 0.0
18 20 0.0
18 21 0.0
18 22 0.0
18 23 0.0
18 24 0.0
18 25 0.0
18 26 0.0
18 27 0.0
18 28 0.0